28078559
28021562
28020910
28033539
28074918
28057271
28004059
28019889
28020946
28028672
28018356
28030137
28034441
28018903
28045633
28028465
28020855
28030186
28020119
28038823
28077889
28038355
28047411
28080037
28030575
28020545
28039888
28073859
28030150
28030927
28021550
28028431
28040741
28079370
28030149
28018381
28025828
28041433
28030952
28020624
28037031
28045840
28019464
28020648
28020909
28028453
28028428
28020892
28076368
28044902
28020582
28079357
28039840
28020806
28032481
28074244
28037041
28015756
28039891
28077269
28040751
28018472
28076371
28080967
28035330
28020557
28020739
28077865
28075777
28074256
28069169
28004990
28006044
28010503
28021124
28021409
28026067
28028854
28029123
28031075
28031348
28031351
28037201
28049365
28060211
28063775
28069820
28071361
28077877
28041354
28040660
28000753
28038847
28078043
28040611
28040672
28036991
28002312
28071310
28046339
28058639
28024642
28040799
28057751
28001678
28035317
28077491
28042103
28039669
28001952
28002211
28002853
28025403
28073872
28031521
28037508
28039359
28042826
28045074
28060233
28064421
28058676
28041366
28030915
28026092
28038859
28039037
28001629
28062011
28050525
28080050
28050537
28062035
28075509
28077907
28058664
28028374
28042048
28038860
28078547
28046261
28072107
28039827
28040702
28074669
28045803
28037004
28039839
28003900
28072223
28075492
28038306
28042671
28042085
28038884
28050549
28074670
28028568
28044719
28038896
28023327
28030216
28038446
28070974
28080025
28043016
28045645
28050550
28058688
28074062
28041512
28070691
28076307
28023364
28063878
28032584
28001137
28001371
28035494
28040039
28063911
28069212
28073008
28028301
28046091
28000364
28044744
28079394
28080517
28060373
28001769
28058627
28044318
28045037
28002580
28038151
28060385
28076381
28057210
28041445
28057222
28077890
28064007
28044756
28041494
28038616
28024290
28044768
28025014
28079400
28025026
28030228
28040027
28042681
28057209
28060397
28045049
28082630
28000029
28002038
28067604
28023388
28077348
28025415
28000376
28023637
28070718
28077208
28046111
28058640
28078031
28041378
28035342
28002415
28041597
28045050
28042012
28046558
28046364
28046352
28040714
28044306
28040787
28048476
28075510
28028571
28022207
28038914
28023911
28059279
28037089
28046303
28050562
28082307
28001812
28001848
28060348
28023741
28064160
28057076
28057088
28079451
28023273
28042814
28066119
